1.000E-03 3.666E+02 3.660E+02
1.142E-03 2.540E+02 2.534E+02
1.305E-03 1.758E+02 1.752E+02
1.305E-03 4.353E+02 4.347E+02
1.500E-03 3.114E+02 3.108E+02
2.000E-03 1.460E+02 1.456E+02
2.145E-03 1.208E+02 1.203E+02
2.145E-03 2.275E+02 2.271E+02
3.000E-03 9.738E+01 9.703E+01
4.000E-03 4.477E+01 4.449E+01
5.000E-03 2.421E+01 2.400E+01
6.000E-03 1.458E+01 1.440E+01
8.000E-03 6.558E+00 6.433E+00
1.000E-02 3.578E+00 3.484E+00
1.500E-02 1.307E+00 1.255E+00
2.000E-02 7.405E-01 7.069E-01
3.000E-02 4.412E-01 4.238E-01
4.000E-02 3.617E-01 3.509E-01
5.000E-02 3.278E-01 3.206E-01
6.000E-02 3.085E-01 3.033E-01
8.000E-02 2.847E-01 2.816E-01
1.000E-01 2.684E-01 2.664E-01
1.500E-01 2.397E-01 2.387E-01
2.000E-01 2.191E-01 2.185E-01
3.000E-01 1.903E-01 1.900E-01
4.000E-01 1.704E-01 1.703E-01
5.000E-01 1.556E-01 1.555E-01
6.000E-01 1.439E-01 1.438E-01
8.000E-01 1.264E-01 1.264E-01
1.000E+00 1.136E-01 1.136E-01
1.022E+00 1.125E-01 1.124E-01
1.250E+00 1.016E-01 1.016E-01
1.500E+00 9.240E-02 9.239E-02
2.000E+00 7.899E-02 7.899E-02
2.044E+00 7.804E-02 7.803E-02
3.000E+00 6.254E-02 6.253E-02
4.000E+00 5.266E-02 5.266E-02
5.000E+00 4.600E-02 4.599E-02
6.000E+00 4.117E-02 4.117E-02
7.000E+00 3.750E-02 3.750E-02
8.000E+00 3.462E-02 3.462E-02
9.000E+00 3.230E-02 3.230E-02
1.000E+01 3.037E-02 3.037E-02
1.100E+01 2.876E-02 2.876E-02
1.200E+01 2.739E-02 2.739E-02
1.300E+01 2.621E-02 2.621E-02
1.400E+01 2.518E-02 2.518E-02
1.500E+01 2.427E-02 2.427E-02
1.600E+01 2.348E-02 2.348E-02
1.800E+01 2.213E-02 2.213E-02
2.000E+01 2.104E-02 2.104E-02
2.200E+01 2.015E-02 2.015E-02
2.400E+01 1.940E-02 1.940E-02
2.600E+01 1.875E-02 1.875E-02
2.800E+01 1.821E-02 1.821E-02
3.000E+01 1.773E-02 1.773E-02
4.000E+01 1.611E-02 1.611E-02
5.000E+01 1.518E-02 1.518E-02
6.000E+01 1.459E-02 1.459E-02
8.000E+01 1.395E-02 1.395E-02
1.000E+02 1.363E-02 1.363E-02
1.500E+02 1.338E-02 1.338E-02
2.000E+02 1.337E-02 1.337E-02
3.000E+02 1.350E-02 1.350E-02
4.000E+02 1.365E-02 1.365E-02
5.000E+02 1.378E-02 1.378E-02
6.000E+02 1.389E-02 1.389E-02
8.000E+02 1.406E-02 1.406E-02
1.000E+03 1.418E-02 1.418E-02
1.500E+03 1.437E-02 1.437E-02
2.000E+03 1.449E-02 1.449E-02
3.000E+03 1.462E-02 1.462E-02
4.000E+03 1.471E-02 1.471E-02
5.000E+03 1.476E-02 1.476E-02
6.000E+03 1.480E-02 1.480E-02
8.000E+03 1.485E-02 1.485E-02
1.000E+04 1.488E-02 1.488E-02
1.500E+04 1.493E-02 1.493E-02
2.000E+04 1.495E-02 1.495E-02
3.000E+04 1.498E-02 1.498E-02
4.000E+04 1.500E-02 1.500E-02
5.000E+04 1.501E-02 1.501E-02
6.000E+04 1.502E-02 1.502E-02
8.000E+04 1.502E-02 1.502E-02
1.000E+05 1.503E-02 1.503E-02